ATGCCAGAACGACT	CATGGCCTGTGCAT	GAACCTGATGAACC	TGACTGGATTCTCA	AGTCAGACTGCACA	TCTGATACACGTGT	TGGTATCTAAACAG	GCAGCTCTGTTTCT	GATATAACACGCAT	AATGTTGACAGTCA	AGGTCATGAGTGTC	AGAGATGATCTCGC	GGGTAACTCTAGTG	CATGAGACACGGGA	TACGCCACTCCGAA	CTAAACCTGTGCAT	GTAAGCACTCATTC	TTGGTACTGAATCC	CATCATACGGAGCA	TACATCACGCTAAC	TTACCATGAATCGC	ATAGGAGAAACAGA	GCGCACGACTTTAC	ACTCGCACGAAAGT	ATTACCTGCCTTAT	CCCAACTGCAATCG	AAATTCGAATCACG	CCATCCGATTCGCC	TCCACTCTGAGCTT	CATCAGGATGCACA	CTAAACCTCTGACA	GATAGAGAAGGGTG	CTAACGGAACCGAT	AGATATACCCGTAA	TACTCTGAATCGAC	GCGCATCTTGCTCC	GTTGACGATATCGG	ACAGGTACTGGTGT	GGCATATGCTTATC	CATTACACCAACTG	TAGGGACTGAACTC	GCTCCATGAGAAGT	TACAATGATGCTAG	CTTCATGACCGAAT	CTGCCAACAGGAGC	TTGCATTGAGCTAC	AAGCAAGAGCTTAG	CGGCACGAACTCAG	GGTGGAGATTACTC	GGCCGATGTACTCT	CGTAGCCTGTATGC	TGAGCTGAATGCTG	CCTATAACGAGACG	ATAAGTTGGTACGT	AAGCGACTTTGACG	ACCAGTGAATACCG	ATTGCACTTGCTTT	CTAGGTGATGGTTG	GCACTAGACCTTTA	CATGCGCTAGTCAC	TTGAGGACTACGCA	ATACCACTCTAAGC	CATATAGACTAAGC	TTTAGCTGTACTCT	GACATTCTCCACCT	ACGTGATGCCATGA	ATTGTAGATTCCCG	GATAGAGATCACGA	AATGCGTGGACGGA	GCGTAAACACGGTT	ATTCAGCTCATTGG	GGCATATGGGGAGT	ATCATCTGACACCA	GTCATACTTCGCCT	TTACGTACGTTCAG	GAGTTGTGGTAGCT	GACGCTCTCTCTCG	AGTCTTACTTCGGA	GGAACACTTCAGAC	CTTGATTGATCTTC
MS4A1	0	0	0	0	0	0	0	0	0	0	2	2	4	4	2	3	3	4	2	3	0	0	0	0	1	0	0	0	0	0	0	0	0	0	0	0	0	0	0	0	0	0	0	0	0	0	0	0	0	0	0	0	0	0	0	0	0	0	0	0	0	0	0	0	0	0	0	1	0	0	0	0	0	0	0	0	0	0	0	0
CD79B	1	0	0	0	0	0	0	0	0	1	2	4	3	3	2	3	1	2	2	5	0	0	0	0	0	0	0	0	0	1	1	0	2	0	0	0	0	0	0	0	0	0	0	0	0	0	0	0	0	0	1	0	1	1	2	2	0	0	3	0	0	0	0	4	1	0	0	0	0	0	0	0	0	0	0	0	0	0	0	0
CD79A	0	0	0	0	0	0	0	0	0	0	0	5	2	2	5	8	1	5	5	12	0	0	1	0	0	0	0	1	0	0	0	0	0	0	0	0	0	0	0	0	0	0	0	0	0	0	0	0	0	0	0	0	0	0	0	0	0	0	0	0	0	0	0	8	0	0	0	0	1	0	0	0	0	0	0	0	0	0	0	0
HLA-DRA	0	1	0	0	1	1	0	1	0	0	14	28	18	7	15	28	7	26	10	16	7	22	0	10	6	0	4	3	7	13	0	1	0	0	1	0	1	1	0	0	0	0	0	0	0	1	1	1	0	0	10	10	4	1	6	28	10	13	5	8	108	93	41	42	138	77	76	15	19	104	1	0	0	0	2	1	1	0	2	7
TCL1A	0	0	0	0	0	0	0	0	0	0	3	0	2	4	0	0	3	3	3	2	0	0	0	0	0	0	0	0	0	0	0	0	0	0	0	0	0	0	0	0	0	0	0	0	0	0	0	0	0	0	0	0	0	0	0	0	0	0	0	0	0	0	0	4	0	0	0	0	0	0	0	0	0	0	0	0	0	0	0	0
HLA-DQB1	1	0	0	0	0	0	0	0	0	0	1	6	2	2	2	8	2	2	1	2	0	3	0	0	0	0	1	0	1	0	0	0	0	0	0	0	0	0	0	0	0	0	0	0	0	0	0	0	0	0	0	1	1	0	2	0	0	1	1	0	21	21	3	5	11	11	10	1	2	11	0	0	0	0	0	0	0	0	0	1
HVCN1	0	0	0	0	0	0	0	0	0	0	3	1	0	0	2	0	2	1	1	2	1	0	1	0	0	0	0	0	0	0	0	0	0	0	0	0	0	0	0	0	0	0	0	0	0	0	0	0	0	0	0	0	0	0	0	1	0	0	1	0	0	0	0	0	0	0	0	0	0	0	0	0	0	0	0	0	0	0	0	0
HLA-DMB	0	0	0	0	0	0	0	0	0	0	0	4	1	1	2	2	1	2	0	1	0	1	0	1	0	0	0	0	2	0	0	0	0	0	0	0	0	0	0	0	0	0	0	0	0	0	0	0	0	0	0	0	0	1	1	0	0	1	0	1	3	2	1	4	5	2	1	1	1	5	0	0	0	0	0	0	0	0	0	0
LTB	3	7	11	13	3	4	6	4	2	21	2	9	2	4	4	0	3	6	5	7	1	0	0	1	1	0	0	0	0	1	1	0	0	1	0	0	0	0	0	0	0	1	1	1	7	1	0	1	5	3	1	2	0	0	1	1	1	1	2	1	0	1	0	5	0	0	0	0	1	4	0	0	1	0	0	0	0	0	0	0
LINC00926	0	0	0	0	0	0	0	0	0	0	0	2	0	1	1	1	0	0	1	0	0	0	0	0	0	0	0	0	0	0	0	0	0	0	0	0	0	0	0	0	0	0	0	0	0	0	0	0	0	0	0	0	0	0	0	0	0	0	0	0	0	0	0	0	0	0	0	0	0	0	0	0	0	0	0	0	0	0	0	0
FCER2	0	0	0	0	0	0	0	0	0	0	0	1	1	0	0	0	1	1	0	1	0	0	0	0	0	0	0	0	0	0	0	0	0	0	0	0	0	0	0	0	0	0	0	0	0	0	0	0	0	0	0	0	0	0	0	0	0	0	0	0	0	0	0	0	0	0	0	0	0	0	0	0	0	0	0	0	0	0	0	0
SP100	1	0	1	1	0	0	0	0	0	1	0	3	2	0	1	2	2	0	1	0	0	0	1	0	0	0	0	0	0	0	0	0	0	0	1	1	0	0	0	0	0	0	0	0	1	0	0	0	0	0	0	0	0	0	1	0	1	0	0	0	1	0	0	3	1	0	0	0	0	1	0	0	0	0	0	0	0	0	0	0
NCF1	0	0	0	0	0	0	0	0	0	0	1	0	1	0	0	0	1	2	2	0	0	0	1	0	1	0	0	0	0	1	0	0	0	0	0	0	0	0	0	0	0	0	0	0	0	0	0	0	0	0	0	0	0	0	0	0	0	1	0	0	0	0	0	0	0	0	0	0	0	0	0	0	0	0	0	0	0	0	0	1
PPP3CC	0	0	0	0	0	1	0	0	0	0	0	1	0	1	0	3	0	0	1	0	0	0	0	0	0	0	0	0	0	0	0	0	0	0	0	1	0	0	1	0	0	0	0	0	0	0	0	1	0	0	0	0	0	0	0	0	0	0	0	0	0	0	0	0	0	0	0	0	0	0	0	0	0	0	0	0	0	0	0	0
EAF2	0	0	0	0	0	0	0	0	0	0	3	0	1	0	1	1	0	0	0	0	0	0	0	0	0	0	0	0	0	0	0	0	0	0	0	0	0	0	0	0	0	0	0	0	0	0	0	0	0	0	1	0	0	0	1	0	0	0	0	0	1	0	0	0	1	0	1	0	0	0	0	0	0	0	0	0	0	0	0	0
PPAPDC1B	0	0	0	0	0	0	0	0	0	0	0	3	0	1	0	0	0	1	0	2	0	0	0	0	0	0	0	0	0	0	0	0	0	0	0	0	0	0	0	0	0	0	0	0	0	0	0	0	0	0	0	0	0	0	0	0	0	0	0	0	0	0	0	1	0	0	0	0	0	0	0	0	0	0	0	0	0	0	0	0
CD19	0	0	0	0	0	0	0	0	0	0	0	1	0	2	0	1	0	0	1	0	0	0	0	0	0	0	0	0	0	0	0	0	0	0	0	0	0	0	0	0	0	0	0	0	0	0	0	0	0	0	0	0	0	0	0	0	0	0	0	0	0	0	0	0	0	0	0	0	0	0	0	0	0	0	0	0	0	0	0	0
KIAA0125	0	0	0	0	0	0	0	0	0	0	0	1	0	0	1	0	0	1	0	3	0	0	0	0	0	0	0	0	0	0	0	0	0	0	0	0	0	0	0	0	0	0	0	0	0	0	0	0	0	0	0	0	0	0	0	0	0	0	0	0	0	0	0	0	0	0	0	0	0	0	0	0	0	0	0	0	0	0	0	0
CYB561A3	0	0	0	0	0	0	0	0	0	0	0	0	0	0	0	1	2	1	0	1	0	0	0	0	0	0	0	0	0	0	0	0	0	0	0	0	0	0	0	0	0	0	0	0	0	0	0	0	0	0	0	0	0	0	0	0	0	0	0	0	0	0	0	0	0	0	0	0	0	0	0	0	0	0	0	0	0	0	0	0
CD180	0	0	0	0	0	0	0	0	0	0	1	0	0	0	0	1	1	1	0	0	0	0	0	0	0	0	0	0	0	0	0	0	0	0	0	0	0	0	0	0	0	0	0	0	0	0	0	0	0	0	0	0	0	0	0	0	0	0	0	0	0	0	0	0	0	0	0	0	0	0	0	0	0	0	0	0	0	0	0	0
RP11-693J15.5	0	0	0	0	0	0	0	0	0	0	1	0	1	1	0	0	0	0	1	0	0	0	0	0	0	0	0	0	0	0	0	0	0	0	0	0	0	0	0	0	0	0	0	0	0	0	0	0	0	0	0	0	0	0	0	0	0	0	0	0	0	0	0	1	0	0	0	0	0	0	0	0	0	0	0	0	0	0	0	0
FAM96A	0	1	0	0	0	0	0	0	0	0	1	0	0	0	2	0	0	2	1	0	0	0	0	0	0	0	0	0	0	0	1	0	0	0	0	0	0	0	0	0	0	0	0	1	0	0	0	0	0	0	0	0	0	0	1	1	1	1	0	0	2	0	0	0	0	1	0	0	0	0	0	0	0	0	0	0	0	0	0	0
CXCR4	1	1	0	6	0	2	4	1	0	4	2	0	4	1	0	0	4	2	6	2	3	0	0	0	0	0	1	0	0	0	0	0	0	0	0	1	0	0	4	0	7	1	3	0	6	1	0	1	0	1	0	1	0	1	0	0	0	0	1	2	12	3	1	3	0	1	2	0	0	2	0	0	0	0	0	0	0	0	0	0
STX10	0	0	1	0	0	1	0	1	0	0	2	0	0	0	2	0	0	0	1	1	0	0	0	1	0	0	0	1	0	0	0	1	0	1	0	0	0	0	0	0	0	0	0	0	1	0	0	0	0	0	1	0	0	0	0	0	0	1	0	0	0	0	0	0	0	0	0	0	0	0	0	0	0	0	0	0	0	0	0	0
SNHG7	0	2	0	0	0	0	0	0	0	1	0	1	1	0	2	3	0	1	0	1	0	0	0	0	0	0	0	0	0	1	0	0	0	0	0	0	0	1	0	0	0	0	0	0	1	0	0	0	0	0	0	0	0	0	0	0	0	0	0	1	0	2	1	1	0	0	0	0	0	0	0	0	0	0	0	1	0	0	0	0
NT5C	0	0	0	0	0	0	0	0	0	0	2	2	1	0	0	0	1	0	1	1	0	0	0	0	0	0	0	0	0	0	0	0	1	0	1	0	0	0	0	1	0	0	0	0	0	3	0	0	0	0	0	0	0	0	0	0	0	0	0	0	1	0	1	1	1	0	0	0	1	0	0	0	0	0	0	0	0	0	0	1
BANK1	0	1	0	0	0	0	0	0	0	0	0	4	0	0	1	1	0	1	0	0	0	0	0	0	0	0	0	0	0	0	0	0	0	0	0	0	0	0	0	0	0	0	0	0	0	0	0	0	0	0	0	0	0	0	0	0	0	0	0	0	0	0	0	0	0	0	0	0	1	0	0	0	0	0	0	1	0	0	0	0
IGLL5	0	0	0	0	0	0	0	0	0	0	1	0	15	0	0	0	0	23	0	0	0	0	0	0	0	0	0	0	0	0	0	0	0	0	0	0	0	0	0	0	0	0	0	0	0	0	0	0	0	0	0	0	0	0	0	0	0	0	0	0	0	0	0	0	0	0	0	0	0	0	0	0	0	0	0	0	0	0	0	0
CD200	0	0	0	0	0	0	0	0	0	0	1	0	0	1	0	0	0	1	0	0	0	0	0	0	0	0	0	0	0	0	0	0	0	0	0	0	0	0	0	0	0	0	0	0	0	0	0	0	0	0	0	0	0	0	0	0	0	0	0	0	0	0	0	0	0	0	0	0	0	0	0	0	0	0	0	0	0	0	0	0
FCRLA	0	0	0	0	0	0	0	0	0	0	1	0	0	0	0	1	1	0	0	1	0	0	0	0	0	0	0	0	0	0	0	0	0	0	0	0	0	0	0	0	0	0	0	0	0	0	0	0	0	0	0	0	0	0	0	0	0	0	0	0	0	0	0	2	0	0	0	0	0	0	0	0	0	0	0	0	0	0	0	0
CD3D	4	4	4	5	4	4	3	2	2	2	0	0	0	0	0	0	0	0	0	0	0	0	0	0	1	0	0	0	0	0	0	7	0	0	0	0	1	0	1	0	0	2	3	0	3	15	1	3	6	4	0	0	0	0	0	0	0	0	0	0	0	0	0	0	0	0	0	0	0	1	0	0	0	0	0	0	0	0	0	0
NOSIP	0	3	2	2	3	1	1	3	2	1	0	0	0	0	0	2	0	0	0	0	0	2	0	0	1	0	0	0	0	0	1	0	1	1	0	0	0	2	0	0	1	0	0	0	0	0	1	0	0	1	0	2	0	0	0	1	1	0	0	0	1	1	0	0	0	1	0	1	0	1	0	0	0	0	0	0	0	0	0	0
SAFB2	0	1	0	1	0	1	1	0	0	1	0	0	0	0	0	0	0	0	0	0	0	0	0	0	0	0	0	0	0	0	0	0	0	0	0	0	0	0	0	0	0	0	0	0	0	0	0	0	0	0	0	0	0	0	0	0	0	0	0	0	0	0	0	0	0	0	0	0	0	0	0	0	0	0	0	0	0	0	0	0
CD2	1	0	2	2	0	1	0	1	2	1	0	0	0	0	0	0	0	0	0	0	0	0	0	0	0	0	0	0	0	0	0	2	0	0	0	0	0	0	0	2	0	0	0	0	0	0	2	0	0	0	0	0	0	0	0	0	0	0	0	0	0	0	0	0	2	1	0	0	0	0	0	0	0	0	0	0	0	0	0	0
IL7R	5	2	1	2	2	0	1	12	0	9	0	0	0	0	1	0	0	0	1	0	1	0	0	0	0	1	0	0	0	1	2	0	0	0	0	0	0	0	0	0	0	1	3	1	1	1	0	2	0	2	0	0	0	0	0	0	0	0	0	0	1	1	1	0	1	0	0	1	0	0	0	0	0	0	0	1	0	0	0	0
PIK3IP1	0	0	1	0	0	2	3	2	3	0	0	0	1	0	0	1	0	0	0	1	0	0	0	0	0	0	0	0	0	1	0	0	0	0	0	0	0	0	0	0	0	0	0	0	0	0	0	1	0	1	0	0	0	0	1	0	0	0	0	0	0	0	0	0	0	0	0	0	0	0	0	0	0	0	0	0	0	0	0	0
MPHOSPH6	1	1	0	0	0	0	1	1	1	1	0	0	0	0	0	0	0	0	0	0	0	0	0	0	0	0	1	0	0	0	0	0	0	0	0	0	0	1	0	0	0	0	0	0	0	0	0	0	0	0	1	0	1	0	0	0	0	0	0	0	0	0	0	0	0	0	0	0	0	0	0	0	0	0	0	0	0	0	0	0
KHDRBS1	0	1	1	1	36	0	0	0	0	0	0	0	0	0	0	0	0	0	0	0	0	0	0	0	0	0	0	0	1	0	1	0	0	0	1	0	0	0	0	0	0	0	0	0	0	0	0	0	2	0	0	0	0	0	0	0	1	0	1	0	1	0	0	0	1	0	1	0	0	2	0	0	0	0	0	0	0	0	0	0
MAL	1	1	0	1	0	0	0	1	0	1	0	0	0	0	0	0	0	0	0	0	0	0	0	0	0	0	0	0	0	0	0	0	0	0	0	0	0	0	0	0	0	0	0	0	0	0	0	0	0	0	0	1	0	0	0	0	0	0	0	0	0	0	0	0	0	0	0	0	0	0	0	0	0	0	0	0	0	0	0	0
CCR7	0	5	0	0	2	0	1	1	0	1	0	0	0	0	0	0	0	0	0	1	0	0	0	0	0	0	0	0	0	0	0	0	0	0	0	0	0	0	0	0	0	0	0	0	0	0	0	0	0	0	0	0	0	0	0	0	0	0	0	0	0	0	0	0	0	0	0	0	0	0	0	0	0	0	0	0	0	0	0	0
THYN1	0	2	1	1	0	2	1	0	1	0	0	0	0	0	0	0	0	0	0	0	0	0	0	0	1	0	0	0	0	0	0	0	0	0	0	1	0	0	0	0	0	0	0	0	1	0	0	1	0	0	1	0	0	0	0	0	0	0	0	0	1	0	0	0	0	0	0	0	0	0	0	0	0	0	0	0	0	0	0	0
TAF7	0	2	0	2	1	2	0	2	3	1	1	1	0	0	0	0	0	0	0	0	0	0	0	0	0	0	0	0	1	0	0	0	0	0	0	0	0	0	0	0	0	0	0	0	0	1	1	0	0	0	0	0	0	0	0	2	3	0	0	1	0	0	1	1	1	1	0	1	0	0	0	0	0	0	0	0	0	0	0	1
LDHB	3	2	1	6	5	3	4	0	1	6	0	1	0	0	0	0	2	0	1	0	1	2	0	2	1	0	1	0	0	0	0	0	0	2	2	0	1	0	0	0	2	1	4	0	4	4	0	0	0	2	0	0	1	0	0	2	0	1	0	1	2	0	0	5	2	2	0	1	2	0	1	0	0	0	0	1	0	0	0	1
TMEM123	3	3	0	4	2	1	1	2	1	1	0	1	1	0	0	0	1	3	1	1	0	0	0	0	3	0	0	0	0	1	0	0	0	0	0	0	0	0	0	0	2	2	0	1	0	0	0	1	0	0	1	1	0	1	1	0	0	0	0	1	0	0	0	2	3	1	0	0	0	0	0	0	0	0	0	0	0	1	0	1
CCDC104	0	0	0	2	0	1	0	1	0	0	0	0	0	0	0	0	0	0	0	0	0	0	0	0	0	0	0	0	0	0	0	0	0	0	0	0	0	0	0	0	0	0	0	0	1	0	0	0	0	0	0	0	0	0	0	0	0	0	0	0	1	0	0	0	0	0	0	0	0	0	0	0	0	0	0	0	0	0	0	0
EPC1	1	0	1	0	0	1	0	1	1	1	0	0	0	0	1	1	0	0	1	0	0	0	0	0	0	0	0	0	0	0	1	0	0	0	0	0	0	0	0	1	0	0	0	0	0	0	0	0	0	0	0	0	0	0	0	2	0	0	0	1	0	0	0	0	0	0	0	0	0	0	0	0	0	0	0	0	0	0	0	0
EIF4A2	3	1	2	5	2	4	3	2	3	0	0	2	1	1	5	0	0	1	0	0	0	0	0	0	1	0	1	1	0	1	2	2	0	2	0	0	0	1	3	1	1	0	0	1	2	0	2	3	0	1	0	2	0	0	2	0	1	0	2	1	4	0	0	4	2	4	1	0	0	1	0	0	0	0	0	0	0	0	0	0
CD3E	0	2	1	4	3	1	3	4	2	0	0	0	0	0	0	0	0	1	1	1	1	0	0	0	0	0	0	0	0	0	0	1	0	1	0	0	0	0	1	0	1	0	2	0	1	2	0	1	5	2	0	0	0	0	0	0	0	0	0	0	1	0	0	0	0	0	0	0	0	1	0	0	0	0	0	0	0	0	1	0
TMUB1	1	0	0	0	0	1	1	1	0	0	0	0	0	0	0	0	0	0	0	0	1	0	0	0	0	0	0	0	0	0	0	0	0	0	0	0	0	0	0	0	1	0	0	0	0	0	0	0	0	0	1	0	0	0	0	0	0	1	0	0	0	1	0	0	0	0	0	0	0	0	0	0	0	0	0	0	0	0	0	0
BLOC1S4	1	0	2	0	2	0	0	0	1	0	0	0	0	0	0	0	0	0	0	0	0	0	0	0	0	0	0	0	0	1	0	0	0	0	0	1	1	0	0	0	0	0	0	0	0	0	0	0	0	0	0	1	0	0	0	0	1	0	0	0	0	0	0	0	0	1	0	0	0	0	0	0	0	0	0	0	0	0	0	0
ACSM3	1	2	0	0	1	0	0	0	0	0	0	0	0	0	0	0	0	0	0	0	0	0	0	0	0	0	0	0	0	0	0	0	0	0	0	0	0	0	0	0	0	0	0	0	0	0	0	0	0	0	0	0	0	0	0	0	0	0	0	0	0	0	0	0	0	0	0	0	0	0	0	0	0	0	0	0	0	0	0	0
TMEM204	1	0	0	0	0	0	0	1	0	1	0	0	0	0	0	0	0	0	0	0	0	0	0	0	0	0	0	0	0	0	0	0	0	0	0	0	0	0	0	0	0	0	0	0	0	0	0	0	0	0	0	0	0	0	0	0	0	0	0	0	0	0	0	0	0	0	0	0	0	0	0	0	0	0	0	0	0	0	0	0
SRSF7	2	0	1	1	54	2	1	1	1	3	1	2	0	1	0	0	0	0	0	0	0	2	0	0	1	0	0	0	0	3	1	0	1	15	0	0	0	0	0	1	2	1	3	1	0	1	1	1	0	1	0	1	0	0	0	1	0	3	1	0	0	2	1	1	3	0	1	5	13	2	0	0	0	0	0	0	0	0	0	0
ACAP1	0	0	1	2	0	1	2	2	0	1	0	1	0	0	0	0	0	0	0	0	0	0	0	0	0	0	0	0	0	0	0	0	0	1	0	0	0	1	0	1	0	0	1	0	0	0	0	0	0	3	0	0	0	0	0	0	0	0	0	0	0	0	0	0	1	0	0	0	0	0	0	0	0	0	0	0	0	0	0	0
TNFAIP8	1	3	2	3	2	0	0	0	1	0	0	0	0	0	1	1	0	0	1	1	0	0	0	0	1	0	0	1	0	0	0	0	0	1	0	0	1	0	0	0	0	0	1	0	0	0	0	0	0	0	1	0	0	0	0	1	0	0	0	1	0	1	1	0	4	0	2	0	0	0	0	0	0	0	0	0	0	0	0	0
CD7	2	2	2	3	2	1	0	0	3	0	0	1	0	0	0	0	0	0	0	0	0	0	0	0	0	0	0	0	0	0	3	0	1	1	1	3	4	2	1	1	2	1	4	0	2	0	0	0	0	1	0	0	0	0	0	0	0	0	0	0	0	0	0	0	0	0	0	0	0	1	0	0	0	0	0	0	0	0	0	0
TAGAP	1	1	1	1	0	0	0	1	2	0	0	0	0	0	0	0	1	0	0	0	0	0	0	0	1	0	1	1	0	0	0	0	0	0	0	0	0	0	0	0	0	0	0	0	0	2	0	0	0	0	0	1	0	0	0	0	0	0	0	0	0	1	0	0	0	0	0	0	0	0	0	0	0	0	0	0	0	0	0	0
DNAJB1	2	0	0	2	0	0	2	1	1	1	0	0	0	0	0	0	0	0	0	0	0	0	0	0	0	0	0	0	1	0	0	0	0	1	0	0	2	0	0	0	0	1	0	0	0	0	0	0	0	1	1	1	1	0	0	0	1	0	0	1	0	2	0	2	0	1	0	0	1	0	0	0	0	0	0	0	0	0	0	0
ASNSD1	1	0	0	1	0	1	1	0	0	0	0	0	0	0	0	0	0	0	0	0	0	0	0	0	0	0	0	0	0	0	0	0	0	0	0	0	0	0	0	0	0	0	0	0	0	0	0	0	0	1	0	0	0	0	0	0	0	0	0	0	0	0	0	0	0	0	0	0	0	0	0	0	0	0	0	0	0	0	0	1
S1PR4	0	0	0	0	0	0	0	0	0	0	0	0	0	0	1	1	0	1	0	0	0	0	0	0	1	0	0	0	1	0	1	0	0	0	0	0	1	1	1	0	0	1	1	1	0	0	1	0	39	0	0	0	0	0	0	0	1	0	0	2	3	0	0	2	0	0	1	0	0	0	0	0	0	0	0	0	0	0	0	0
CTSW	0	0	0	0	0	0	0	0	0	0	0	0	0	0	0	0	0	0	1	0	0	0	0	0	0	0	0	0	0	0	1	3	2	3	2	4	8	6	1	11	1	4	1	2	1	2	2	1	5	1	0	0	0	0	0	0	0	0	0	0	0	0	1	0	1	0	0	0	1	0	0	0	0	0	0	0	0	0	0	0
GZMK	0	0	0	0	0	0	0	0	0	0	0	0	0	0	0	0	0	0	1	0	0	0	0	0	0	0	0	0	0	0	0	0	0	0	0	0	0	0	0	0	1	0	2	1	2	0	0	2	0	3	0	0	0	0	0	0	0	0	0	0	0	0	0	0	0	0	0	0	0	1	0	0	0	0	0	0	0	0	0	0
NKG7	0	0	0	0	1	0	0	0	0	0	0	0	0	2	0	0	0	1	0	0	2	1	0	0	0	0	1	0	0	1	35	14	12	30	20	27	28	10	25	27	31	22	7	2	4	14	16	4	29	8	5	3	0	0	0	0	5	0	0	0	0	1	0	0	1	3	0	1	0	1	0	0	0	0	0	0	0	0	0	0
IL32	1	0	9	8	1	0	3	3	0	3	0	0	0	0	0	0	0	0	0	0	0	0	0	0	0	0	0	0	0	0	0	2	0	5	4	0	0	0	0	7	8	5	5	0	7	1	6	7	6	1	0	0	0	0	0	0	1	1	0	0	0	0	0	0	1	0	0	0	0	0	0	0	0	0	0	0	0	0	0	1
DNAJC2	0	0	0	0	0	1	0	0	0	0	0	0	1	0	0	0	0	1	0	0	0	0	0	0	1	0	0	0	0	0	0	0	0	0	0	0	0	0	0	0	0	1	0	0	0	0	1	1	1	1	0	0	0	0	0	0	1	0	0	1	0	0	0	1	0	1	0	0	0	0	0	0	0	0	0	0	0	0	0	0
LYAR	0	1	1	1	3	0	0	0	0	0	0	0	0	0	0	0	2	0	0	0	0	0	0	0	0	0	0	0	0	0	0	0	0	0	0	2	0	0	1	1	0	1	1	2	47	0	1	1	1	1	0	2	0	0	0	0	2	0	1	0	0	0	0	0	0	1	0	0	0	0	0	0	1	0	0	0	0	0	0	0
CST7	0	0	0	0	1	0	0	0	0	0	0	1	0	0	0	0	0	0	0	0	1	0	0	0	0	0	0	0	0	0	4	4	2	7	2	4	3	3	2	5	2	3	1	1	0	2	8	4	5	2	0	0	0	0	0	0	0	0	0	0	0	0	0	0	1	1	0	0	0	1	0	0	0	0	0	0	0	0	0	0
LCK	0	3	2	0	1	1	2	0	0	2	0	0	0	0	0	0	0	0	0	0	0	0	0	0	0	0	0	0	0	0	0	1	0	2	1	1	1	2	1	0	1	1	2	0	1	2	1	1	1	1	0	0	0	0	0	0	1	0	0	0	0	0	0	0	0	0	0	0	0	0	0	0	0	0	0	0	0	0	0	0
CCL5	0	0	0	2	0	0	1	0	0	0	0	0	0	0	0	0	0	0	0	0	0	1	0	0	0	0	0	0	0	1	0	2	5	14	0	29	1	7	5	25	0	14	27	3	13	17	7	3	16	12	3	1	0	0	0	0	0	0	0	0	0	1	0	0	1	1	0	0	0	0	8	5	4	10	11	30	8	5	9	2
HNRNPH1	0	0	0	0	0	0	0	1	0	0	0	0	0	0	0	1	0	0	0	0	0	0	0	0	0	0	0	0	0	0	0	0	0	1	0	0	0	0	0	0	1	0	1	0	0	1	0	1	1	0	0	0	0	0	0	0	0	0	0	0	2	0	0	0	1	0	0	0	0	0	0	0	0	0	0	0	0	0	0	0
SSR2	0	2	2	4	1	1	0	0	0	6	0	1	0	0	1	1	0	1	0	0	0	0	0	0	3	0	1	0	1	0	0	2	0	0	1	0	1	0	1	2	1	2	1	1	1	2	4	1	2	4	2	1	0	0	2	0	3	1	3	1	0	2	3	0	1	3	2	0	4	2	0	0	0	0	0	0	0	0	0	0
DLGAP1-AS1	0	0	0	0	0	0	0	0	0	0	0	0	0	0	0	0	0	0	0	0	0	0	0	0	0	0	0	0	0	0	0	0	0	0	0	0	0	0	0	0	1	0	0	0	1	0	0	0	1	1	0	0	0	0	0	0	0	0	0	0	0	0	0	0	0	0	0	0	0	0	0	0	0	0	0	0	0	0	0	0
GIMAP1	0	2	0	0	0	0	0	1	0	2	0	0	0	0	0	0	0	0	0	0	0	1	1	1	1	0	0	0	0	0	0	0	1	1	0	2	0	1	1	1	1	0	2	1	0	0	1	1	17	0	0	0	1	0	1	0	1	0	2	0	1	0	0	1	1	0	0	1	0	0	0	0	0	0	0	0	0	0	0	0
MMADHC	0	0	0	0	1	0	0	0	0	0	0	2	0	0	0	0	0	0	0	1	0	0	1	0	0	0	0	0	0	0	0	0	0	0	0	1	0	0	0	1	1	2	0	1	1	1	0	1	1	0	1	0	0	0	0	0	0	0	0	0	1	0	0	1	2	2	0	0	0	0	0	0	0	0	0	0	0	0	0	0
ZNF76	0	0	0	1	0	0	0	0	0	0	0	0	0	0	0	0	0	0	0	0	0	1	0	0	0	0	0	0	0	0	0	0	0	0	0	0	0	0	0	0	1	0	0	0	1	0	1	0	0	0	0	0	0	0	0	0	0	0	0	0	0	0	0	0	0	0	0	0	0	0	0	0	0	0	0	0	0	0	0	0
CD8A	0	1	0	0	0	0	0	0	0	0	0	0	0	0	0	0	0	0	0	0	0	0	0	0	0	0	0	0	0	0	0	0	1	0	0	0	0	0	0	0	0	0	3	0	1	3	3	0	0	0	0	0	0	0	0	0	0	0	0	0	0	0	0	0	0	0	0	0	0	1	0	0	0	0	0	0	0	0	0	0
PTPN22	0	0	0	0	0	0	0	0	0	0	0	0	0	0	0	1	0	0	0	0	0	0	0	0	0	0	0	0	1	0	0	0	0	0	0	0	0	0	0	0	0	1	0	0	0	0	0	1	1	2	0	0	0	0	0	0	0	0	0	0	0	0	0	0	0	0	0	0	0	0	0	0	0	0	0	0	0	0	0	0
GYPC	1	2	2	0	0	1	0	0	2	1	0	0	0	0	0	0	0	0	0	2	0	0	0	0	0	0	0	0	1	0	1	1	0	1	1	0	0	1	0	1	0	1	3	0	1	0	0	7	0	1	0	0	0	0	0	0	0	0	0	0	0	0	1	0	0	0	0	0	0	2	0	0	0	0	0	0	0	0	0	0
HNRNPF	0	0	0	1	0	1	0	1	2	0	0	2	1	0	1	0	0	1	0	1	1	0	0	0	1	0	0	0	0	1	0	0	0	0	0	1	1	1	2	1	1	2	1	1	1	0	1	2	0	2	0	1	0	0	0	0	1	1	0	1	0	0	1	1	0	0	2	0	0	0	0	0	0	0	0	0	0	0	0	0
RPL7L1	0	0	0	0	0	0	0	0	0	0	0	0	1	0	0	0	0	0	0	0	0	1	0	0	0	0	1	0	0	0	0	0	1	0	0	0	0	0	0	0	0	1	0	1	0	1	0	1	1	0	0	0	0	0	0	0	0	0	0	0	1	0	0	0	0	1	1	0	0	0	0	0	0	0	0	0	0	0	0	0
KLRG1	0	0	0	0	0	0	0	0	1	0	0	0	0	0	0	0	0	0	0	0	0	0	0	0	0	0	0	0	0	0	0	0	0	0	2	0	0	3	0	2	0	1	0	0	0	0	1	4	1	1	0	0	0	0	0	0	0	0	0	0	0	0	0	0	0	0	0	0	0	0	0	0	0	0	0	0	0	0	0	0
CRBN	1	0	0	0	0	0	0	0	0	0	0	1	0	0	1	0	0	0	0	0	0	0	0	0	0	0	0	0	0	1	1	1	1	0	0	0	0	0	0	2	1	1	0	1	1	1	1	0	1	0	0	0	0	0	0	0	0	0	2	0	1	0	1	0	1	0	0	0	0	0	0	0	1	0	0	0	0	0	0	0
SATB1	0	0	0	0	0	0	0	1	0	0	0	0	0	0	0	0	0	0	0	0	0	0	0	0	0	0	0	0	0	0	0	0	0	0	0	0	0	0	0	0	1	1	1	0	0	0	0	0	0	13	0	0	0	0	0	0	0	0	0	0	1	0	0	0	0	0	0	0	0	0	0	0	0	0	0	0	0	0	0	0
SIT1	0	0	0	0	0	0	0	0	0	0	1	0	0	0	0	0	0	0	0	0	0	0	0	0	0	0	0	0	0	0	0	0	0	0	0	0	0	0	0	0	0	0	1	1	1	2	0	0	0	0	0	0	0	0	0	0	0	0	0	0	0	0	0	0	0	0	0	0	0	0	0	0	0	0	0	0	0	0	0	0
PMPCB	0	0	0	0	0	0	0	0	0	0	0	0	0	0	0	0	0	0	0	0	0	0	0	0	0	0	0	0	0	0	0	1	1	1	0	0	0	0	0	0	1	0	0	0	2	1	0	1	0	0	0	1	0	0	0	1	0	0	0	0	0	0	0	0	1	0	0	0	0	0	0	0	0	0	0	0	0	0	0	0
NRBP1	0	0	0	1	0	0	0	0	0	0	0	0	0	0	0	0	0	0	0	0	0	0	0	0	0	0	0	0	0	1	0	0	0	0	0	0	2	0	0	0	0	1	0	1	1	0	0	1	1	0	0	0	0	0	0	0	0	0	0	0	1	0	0	0	0	0	0	0	0	0	0	0	0	1	0	0	0	0	0	0
TCF7	0	0	1	0	1	0	0	0	1	0	0	1	0	0	0	0	0	0	0	0	0	0	0	0	0	0	0	0	0	0	0	0	0	0	0	0	0	0	0	1	0	0	1	1	2	0	0	0	0	1	0	0	0	0	0	0	0	0	0	1	1	0	0	0	0	0	1	0	0	0	0	0	0	0	0	0	0	0	0	0
HNRNPA3	0	0	0	1	2	0	0	0	0	0	1	1	0	0	0	0	0	0	1	0	2	0	0	0	0	0	0	0	0	0	0	0	0	2	2	1	1	1	1	0	2	1	2	0	2	1	0	1	2	0	0	1	0	0	0	2	1	1	0	1	1	0	0	0	1	4	0	1	0	2	0	0	0	0	0	0	0	0	0	0
S100A8	0	0	0	0	0	0	0	0	0	0	0	0	0	0	0	0	0	0	0	0	18	5	25	5	25	6	24	40	16	11	1	0	0	0	0	1	0	0	0	0	0	0	0	0	0	0	0	0	0	0	2	2	0	4	3	0	1	1	2	0	0	2	0	2	1	9	1	23	4	0	0	1	0	0	0	1	0	0	0	2
S100A9	0	1	1	0	0	0	0	1	0	0	0	0	0	0	0	0	0	0	0	0	30	12	51	22	85	3	54	55	35	17	0	0	0	1	1	0	1	0	0	0	0	0	0	0	0	0	0	0	0	0	20	6	1	0	10	4	8	6	0	0	0	0	1	10	0	41	11	32	17	0	3	0	0	0	0	0	0	0	0	7
LYZ	1	1	1	0	0	1	0	0	1	0	1	4	0	1	0	0	0	1	1	0	50	29	25	49	98	11	59	28	34	16	0	0	1	0	2	0	0	1	0	0	0	1	1	0	0	0	0	1	0	0	41	4	3	3	14	17	7	6	9	6	76	20	24	79	53	53	87	76	42	114	3	1	1	0	1	0	0	0	0	22
CD14	0	0	0	0	0	0	0	0	0	0	0	0	0	0	0	0	0	0	0	0	1	2	2	4	1	0	1	1	3	0	0	0	0	0	0	0	0	0	0	0	0	0	0	0	0	0	0	0	0	0	0	0	0	0	0	1	0	0	0	0	0	0	0	2	2	1	1	1	0	0	0	0	0	0	0	0	0	0	0	0
FCN1	1	1	0	0	0	0	0	0	1	0	1	0	0	0	0	0	0	0	0	0	10	6	5	9	7	1	1	2	8	7	0	0	0	0	0	0	0	1	0	0	0	0	0	0	0	0	1	0	0	2	13	7	5	1	4	3	1	1	2	0	0	0	3	1	2	4	6	1	0	0	0	0	0	0	0	0	0	0	0	0
TYROBP	0	0	0	2	0	0	1	0	1	0	0	0	0	0	0	0	0	0	0	0	14	13	3	10	16	4	13	12	19	12	3	0	4	3	6	7	3	4	5	15	2	0	1	1	0	0	0	0	0	0	11	21	2	5	21	13	16	9	16	17	2	8	6	9	11	14	10	10	6	7	0	0	0	0	0	0	0	0	0	14
ASGR1	0	0	0	0	0	0	0	0	0	0	0	0	0	0	0	0	0	0	0	0	3	2	0	0	1	0	1	0	1	0	0	0	0	0	0	0	0	0	0	0	0	0	0	0	0	0	0	0	0	0	0	0	0	0	0	0	0	0	0	0	0	0	0	1	0	1	0	0	1	1	0	0	0	0	0	0	0	0	0	0
NFKBIA	0	0	1	1	0	0	0	0	0	4	0	1	1	0	1	0	0	0	1	1	3	13	5	0	11	0	2	3	5	10	0	1	0	1	0	1	0	0	0	0	5	1	1	0	0	0	1	0	1	0	2	2	2	0	2	1	1	1	2	9	2	2	0	1	1	6	1	3	2	4	0	0	0	0	0	0	0	0	0	6
TYMP	0	0	0	0	1	0	0	0	0	0	0	0	0	0	0	0	0	0	0	0	4	7	1	6	5	1	6	4	5	1	0	0	0	2	0	0	0	0	0	1	0	0	0	0	0	0	0	0	0	0	6	5	1	1	6	4	3	2	4	5	1	3	2	5	14	11	3	4	8	4	0	0	0	0	0	0	0	0	0	2
CTSS	1	1	0	0	1	2	0	1	1	1	1	0	1	0	0	0	1	2	0	2	15	9	1	5	7	3	4	4	11	7	0	0	1	0	0	0	1	0	0	4	1	1	0	0	1	0	0	0	0	0	8	8	7	3	10	15	18	19	4	17	5	3	1	5	0	3	6	2	0	3	1	0	0	0	0	0	0	0	0	3
TSPO	0	0	0	0	1	1	1	0	0	1	0	1	0	0	0	1	1	0	0	0	1	2	6	0	36	1	5	0	3	5	1	0	0	0	0	0	1	1	1	0	1	1	0	0	2	0	1	0	0	0	2	4	0	1	2	3	6	4	2	5	1	0	0	4	2	5	10	6	4	2	0	0	0	0	0	2	0	0	0	3
RBP7	0	0	0	0	0	0	0	0	0	0	0	0	0	0	0	0	0	0	1	0	0	0	1	0	2	1	4	1	1	0	0	0	0	0	0	0	0	0	0	0	0	0	0	0	0	0	0	0	0	0	1	0	0	0	0	0	0	0	0	0	0	0	0	0	0	0	0	0	0	0	0	0	0	0	0	0	0	0	0	0
CTSB	0	0	0	0	0	0	0	0	0	0	0	0	0	0	0	0	0	0	0	0	0	1	0	4	1	1	7	1	1	2	0	0	0	0	0	0	1	0	0	0	0	0	0	0	0	0	0	0	1	0	4	0	1	0	1	0	3	0	0	2	1	1	0	2	0	2	2	1	0	0	0	0	0	0	1	0	0	0	0	1
LGALS1	1	0	1	2	1	0	0	0	0	0	0	0	0	0	0	0	0	0	0	0	2	14	10	8	11	4	6	7	22	37	3	4	9	6	1	3	14	2	1	4	1	3	0	0	0	0	1	0	1	0	5	12	4	2	16	10	6	2	12	16	8	13	21	9	20	10	23	5	28	13	0	0	0	0	1	0	0	0	0	10
FPR1	0	0	0	0	0	0	0	0	0	0	0	0	0	0	0	0	0	0	0	0	1	1	1	0	1	1	1	1	0	0	0	0	0	0	0	0	0	0	0	0	0	0	0	0	0	0	0	0	0	0	0	0	0	0	2	0	1	0	2	1	0	0	0	0	0	2	1	0	0	0	0	0	0	0	0	0	0	0	0	0
VSTM1	0	0	0	0	0	0	0	0	0	0	0	0	0	0	0	0	0	0	0	0	0	1	0	0	1	0	1	2	0	1	0	0	0	0	0	0	0	0	0	0	0	0	0	0	0	0	0	0	0	0	0	0	0	0	1	0	0	0	0	1	0	0	0	0	0	0	0	0	0	0	0	0	0	0	0	0	0	0	0	0
BLVRA	0	0	1	0	0	0	0	0	0	0	0	1	0	0	0	0	1	0	0	0	1	3	1	2	0	1	0	1	1	3	0	0	0	1	0	0	0	0	0	0	0	0	1	0	0	0	0	1	0	0	0	0	0	0	2	2	5	1	2	0	1	0	1	0	0	0	1	0	0	0	0	0	0	0	0	0	0	0	0	0
MPEG1	0	0	0	0	0	0	0	0	0	0	0	0	1	0	0	0	0	0	0	0	1	1	0	1	1	1	0	0	2	1	0	0	0	0	0	0	0	0	0	0	0	0	0	0	0	0	0	0	0	0	0	0	0	0	0	0	1	0	0	0	0	0	1	0	2	1	0	1	0	0	0	0	0	0	0	1	0	0	0	0
BID	1	0	0	0	0	0	0	0	0	0	0	0	0	0	0	0	0	0	0	0	2	27	0	1	1	1	0	0	1	1	0	0	0	0	0	0	0	1	0	0	0	0	0	0	0	0	0	0	0	0	1	1	1	0	3	6	1	2	2	4	2	2	2	2	0	0	3	1	0	2	0	0	0	0	0	0	0	0	0	0
SMCO4	0	0	0	0	0	0	0	0	0	0	0	0	0	0	0	0	0	0	0	0	1	1	0	2	1	0	1	0	2	1	0	0	0	0	0	0	0	0	0	0	0	0	0	0	0	0	0	0	0	0	0	1	1	0	1	2	1	1	0	0	0	0	0	0	0	0	0	1	0	0	0	0	0	0	0	0	0	0	0	0
CFD	0	1	0	0	0	0	0	0	0	0	0	0	0	0	0	0	0	0	0	0	3	4	2	1	1	0	0	2	15	2	0	0	0	0	0	0	0	0	0	0	0	1	0	0	0	0	0	0	0	0	4	5	2	0	0	5	2	3	2	3	0	0	0	0	1	2	0	0	0	0	0	0	0	0	0	0	0	0	0	3
LINC00936	0	0	0	1	0	0	0	0	1	0	0	1	0	0	0	0	0	0	0	0	5	1	0	0	1	1	0	0	2	1	0	0	0	0	0	0	0	0	0	0	0	0	0	0	0	0	0	0	0	0	0	0	0	0	1	0	0	1	3	1	2	1	1	0	3	1	1	1	1	1	0	0	0	0	0	0	0	0	0	1
LGALS2	0	0	0	0	0	0	1	0	0	0	0	0	0	0	0	0	0	0	0	0	12	6	2	1	6	0	0	0	5	2	0	0	0	0	0	0	0	0	0	0	0	0	1	0	0	0	0	0	0	0	3	0	0	0	0	0	0	0	0	0	3	10	1	2	3	4	4	1	3	6	0	0	0	0	0	0	0	0	0	3
MS4A6A	0	0	0	0	0	0	0	0	0	0	0	0	0	0	0	0	0	0	0	0	0	0	1	1	2	2	1	3	0	1	0	0	0	0	0	0	0	0	0	0	0	0	0	0	0	0	0	0	0	0	0	0	1	0	0	0	0	0	0	0	4	1	0	7	7	0	2	1	2	0	0	0	0	0	0	0	0	0	0	1
FCGRT	0	1	0	0	0	0	0	0	0	1	0	0	0	0	0	0	0	0	0	0	2	0	0	1	14	1	2	0	1	2	0	0	0	0	0	0	0	0	0	0	0	0	0	0	0	0	0	0	0	0	3	2	0	1	3	1	1	0	1	1	3	1	0	2	2	3	3	1	4	3	0	0	0	0	0	0	0	0	0	2
LGALS3	0	1	0	0	0	0	0	0	0	0	0	0	0	0	0	0	0	0	0	0	0	4	0	4	4	1	3	0	2	0	0	0	0	0	0	1	0	0	0	0	0	0	0	0	0	0	0	1	0	0	2	2	0	0	4	2	0	2	1	0	0	5	1	0	6	2	7	2	2	0	0	0	0	0	0	1	0	0	0	1
NUP214	0	1	0	0	0	0	0	0	0	0	0	0	0	0	0	0	0	0	0	0	0	0	0	0	1	1	3	2	1	0	0	0	0	0	0	0	0	0	0	0	0	0	0	0	0	0	0	0	0	0	0	0	0	0	2	0	1	2	0	0	0	0	1	1	0	1	0	1	0	0	0	0	0	0	0	0	0	0	0	1
SCO2	0	0	0	0	0	0	0	0	0	0	0	0	0	0	0	0	0	0	0	0	0	1	1	0	0	0	0	2	0	5	0	0	0	0	0	0	0	0	0	0	0	0	0	0	0	0	0	0	0	0	1	0	0	0	1	1	0	0	1	2	0	0	2	0	1	0	0	0	0	0	0	0	0	0	0	0	0	0	0	0
IL17RA	0	0	0	0	0	0	0	0	0	0	0	0	0	0	0	0	0	0	0	0	1	0	0	0	1	1	1	0	0	0	0	0	0	0	0	0	0	0	0	0	0	0	0	0	0	0	0	0	0	0	1	0	0	0	0	0	0	0	0	0	0	0	0	0	0	0	0	0	0	0	0	0	0	0	0	0	0	0	0	0
IFI6	1	0	0	0	0	0	0	1	0	0	0	0	0	0	0	0	0	0	0	0	5	3	0	0	3	0	1	5	0	4	0	0	0	0	1	0	1	1	2	0	0	0	0	0	0	0	0	0	1	0	0	2	0	1	1	3	1	3	0	2	0	4	0	2	6	2	5	1	0	0	0	0	0	0	0	0	0	0	0	4
HLA-DPA1	0	0	0	0	0	0	0	0	0	0	3	8	2	2	5	9	0	5	1	5	0	13	2	1	0	1	0	0	7	6	0	1	0	2	0	0	1	0	0	0	0	0	0	0	1	3	0	0	1	0	12	4	2	1	5	5	7	14	5	11	75	52	11	19	54	23	45	10	23	37	0	0	0	0	0	0	0	0	0	5
FCER1A	0	0	0	0	0	0	0	0	0	0	0	0	0	0	0	0	0	0	0	0	0	0	0	0	0	0	0	0	0	0	0	0	0	0	0	0	0	0	0	0	1	0	0	0	0	0	0	0	0	0	0	0	0	0	0	0	0	0	0	0	16	1	2	4	8	5	8	4	7	0	0	0	0	0	0	0	0	0	0	0
CLEC10A	0	0	0	0	0	0	0	0	0	0	0	0	0	0	0	0	0	0	0	0	0	0	0	0	0	0	0	0	0	0	0	0	0	0	0	0	0	0	0	0	0	0	0	0	0	0	0	0	0	0	0	0	0	0	0	0	0	0	0	0	0	5	2	4	2	3	6	4	2	1	0	0	0	0	0	0	0	0	0	1
HLA-DMA	0	0	1	0	0	0	0	0	0	0	0	1	0	0	0	4	1	1	0	1	0	4	1	1	0	0	0	0	1	2	0	0	0	0	1	0	0	0	0	0	0	0	0	0	0	0	0	0	0	0	1	0	0	0	0	4	0	0	0	0	6	6	5	4	6	5	6	5	3	5	0	0	0	0	0	0	0	0	0	1
RGS1	0	0	0	0	0	0	1	0	0	0	0	0	0	0	0	0	0	0	0	0	0	0	0	0	0	0	0	0	0	0	0	0	0	0	0	0	0	0	0	0	0	0	0	0	0	0	0	0	0	0	0	0	0	0	0	0	0	0	0	0	3	3	1	3	0	1	3	0	1	2	0	0	0	0	0	0	0	0	0	0
HLA-DPB1	0	0	0	0	0	0	0	0	0	0	4	10	4	4	8	23	7	0	4	6	0	18	1	2	0	3	0	1	7	7	2	4	0	0	0	0	0	0	0	0	0	4	0	0	1	2	0	0	0	0	8	3	5	2	3	7	6	5	9	4	102	78	23	25	69	24	43	8	10	50	1	0	0	0	0	0	0	0	0	5
HLA-DQA1	0	0	0	1	0	0	0	0	0	0	0	4	4	1	0	8	1	5	0	1	1	5	0	0	0	0	0	0	0	1	0	0	0	0	0	0	0	0	0	0	0	1	0	0	0	0	0	0	0	0	0	2	0	0	0	1	1	2	0	0	25	39	5	2	16	6	11	3	4	9	0	0	0	0	0	0	0	0	0	0
RNF130	0	0	0	0	1	0	0	0	0	0	0	0	0	0	0	0	0	0	0	0	0	1	0	0	2	0	0	1	1	0	0	0	0	0	0	0	0	0	0	0	0	0	0	0	0	0	0	0	0	0	0	0	0	1	0	0	1	1	2	2	2	2	0	1	1	1	6	3	5	1	0	0	0	0	0	0	0	0	0	0
HLA-DRB5	0	0	0	0	0	0	1	0	0	0	1	4	3	0	4	8	1	2	2	4	0	8	1	1	0	0	0	0	4	1	0	1	0	0	0	0	0	0	0	0	0	0	0	0	0	1	0	0	0	0	4	5	0	0	3	3	6	3	6	2	11	26	5	2	31	21	21	2	3	10	0	0	0	0	0	0	0	0	0	1
HLA-DRB1	0	0	0	0	0	0	0	0	0	0	2	10	6	1	5	16	5	11	5	8	2	12	1	5	1	0	3	0	5	3	0	2	0	1	0	0	0	0	1	0	0	0	0	0	0	3	0	0	0	0	8	4	0	0	7	7	13	6	6	4	50	53	10	9	68	36	49	3	9	26	0	0	0	0	0	0	0	0	0	4
CST3	0	0	0	0	0	1	0	0	0	0	0	0	0	0	0	0	0	0	1	1	13	28	15	11	13	7	37	5	20	18	1	0	0	0	0	0	1	1	0	0	0	0	0	0	0	0	0	1	0	0	16	32	7	9	11	17	33	10	15	25	61	31	25	14	58	112	37	18	29	125	5	1	0	0	5	1	3	0	0	16
IL1B	0	0	0	0	0	0	0	0	0	0	0	0	0	0	0	0	0	0	0	0	4	0	0	0	0	1	0	0	2	3	0	0	0	0	0	0	0	0	0	0	0	0	0	0	0	0	0	0	0	0	0	0	0	0	0	0	0	0	1	0	1	8	0	3	1	2	3	6	1	0	0	0	1	0	0	0	0	0	0	5
POP7	0	0	0	0	1	0	0	0	0	0	0	0	0	0	0	0	0	0	0	0	0	0	1	0	0	0	0	0	1	0	0	0	0	0	0	0	0	0	0	1	0	0	1	0	0	0	0	0	0	0	0	0	0	0	0	0	2	1	0	0	0	1	1	33	0	0	0	0	1	3	0	0	0	0	0	0	0	0	0	0
HLA-DQA2	0	0	0	0	0	0	0	0	0	0	0	2	0	0	1	0	1	1	0	0	0	2	0	0	0	0	0	0	0	0	0	0	0	0	0	0	0	0	0	0	0	1	0	0	0	0	0	0	0	0	0	0	0	0	0	0	1	2	0	0	7	9	1	0	6	1	4	1	0	5	0	0	0	0	0	0	0	0	0	0
CD1C	0	0	0	0	0	0	0	0	0	0	0	0	0	0	0	0	0	0	0	0	0	0	0	0	0	0	0	0	0	0	0	0	0	0	0	0	0	0	0	0	0	0	0	0	0	0	0	0	0	0	0	0	0	0	0	0	0	0	0	0	2	5	0	0	3	3	0	0	0	1	0	0	0	0	0	0	0	0	0	0
GSTP1	0	0	1	0	1	0	0	0	0	0	0	0	0	0	0	3	0	1	0	0	2	3	1	6	5	1	3	1	4	2	1	2	0	1	2	0	1	2	0	1	2	0	0	0	0	0	0	0	1	0	4	1	2	0	1	5	0	0	1	1	9	4	5	7	2	5	12	7	10	18	0	0	0	0	1	0	0	0	0	4
EIF3G	1	1	1	1	2	0	0	1	0	2	0	1	0	0	0	2	0	0	0	0	0	0	1	0	2	0	0	1	2	1	3	0	1	0	3	0	0	1	0	3	1	1	0	0	0	0	2	1	1	1	3	3	0	1	2	2	0	1	2	0	1	0	1	2	1	0	1	1	3	43	0	0	0	0	0	0	0	0	0	3
VPS28	0	0	0	3	0	0	0	0	1	0	0	0	1	0	2	0	0	0	0	0	0	0	0	1	2	0	1	1	1	0	0	0	1	1	1	0	1	1	1	1	0	0	0	0	0	0	0	0	0	0	1	1	0	1	0	0	0	2	3	0	4	3	0	1	0	1	38	0	0	1	0	0	1	0	0	2	0	0	0	2
LY86	0	0	0	0	0	0	0	0	0	0	1	1	0	1	0	0	0	2	1	1	0	0	0	0	2	0	0	0	1	0	0	0	0	0	0	0	0	0	0	0	0	0	0	0	0	0	0	0	0	0	0	0	0	0	0	0	0	2	0	0	2	0	3	2	3	1	2	0	1	8	1	0	0	0	0	0	0	0	0	0
ZFP36L1	0	0	1	0	1	1	0	0	0	0	0	0	0	0	1	0	0	0	0	1	0	1	0	0	0	0	0	0	0	0	0	0	0	0	0	0	0	0	0	0	0	1	0	0	0	0	0	1	0	0	0	0	0	0	0	1	0	0	0	0	0	0	0	1	1	0	21	0	1	0	0	0	0	0	0	0	0	0	0	0
ZNF330	0	0	0	0	0	0	0	0	0	0	0	0	0	0	0	0	0	0	0	0	0	0	0	0	0	0	0	0	0	0	0	1	0	0	0	0	0	0	0	0	1	0	0	0	0	0	0	0	0	0	0	0	0	0	0	0	0	0	0	0	2	0	0	0	0	0	0	1	32	0	0	0	0	0	0	0	0	0	0	0
ANXA2	0	0	0	0	1	1	0	0	0	1	0	1	1	0	0	1	0	0	0	0	1	3	0	3	1	1	1	0	2	3	1	0	0	4	1	0	4	1	0	1	0	0	1	0	0	0	1	1	0	2	9	3	1	0	4	2	3	2	0	6	5	1	5	1	22	10	9	1	3	3	0	0	0	0	0	0	0	0	0	4
GRN	0	1	0	0	0	0	0	0	0	0	0	0	0	0	0	0	0	0	0	0	4	1	1	0	1	0	5	1	0	2	0	0	0	0	0	0	0	0	0	0	0	0	0	0	0	0	0	0	0	0	2	0	1	1	2	3	0	1	1	3	6	1	0	2	5	4	8	2	4	5	0	1	0	0	0	0	0	0	0	0
CFP	0	0	0	0	0	0	0	0	1	0	0	0	0	0	0	0	0	0	0	0	0	7	1	1	1	0	2	0	2	1	0	0	0	0	1	0	0	0	0	0	0	0	0	0	0	0	0	0	0	0	2	1	3	0	0	1	1	0	3	2	4	0	2	0	1	39	1	3	5	1	0	0	0	0	0	0	0	0	0	1
HSP90AA1	2	0	1	2	3	2	2	1	0	3	0	0	1	0	0	2	4	0	0	1	0	0	0	0	0	0	0	0	3	3	1	4	5	1	1	0	1	0	0	0	0	0	0	2	0	1	0	1	3	0	3	1	0	0	0	1	0	0	1	1	3	1	0	2	64	2	3	1	1	1	0	0	0	0	0	0	0	0	0	0
FUOM	0	0	0	0	0	0	0	0	0	1	0	0	0	0	0	0	0	0	0	0	0	0	0	0	0	0	0	0	0	0	0	0	0	0	0	0	0	0	0	0	0	0	0	0	0	0	0	0	0	0	0	0	0	0	0	0	0	0	0	0	0	4	1	0	1	0	0	1	0	0	0	0	0	0	0	0	0	0	0	0
LST1	0	0	0	3	2	1	0	0	0	0	0	0	0	0	0	0	0	0	1	0	3	6	1	4	8	3	5	0	7	13	0	0	0	0	0	1	0	0	0	0	0	0	0	0	0	0	0	0	0	0	15	17	8	11	18	13	36	17	12	27	12	7	7	4	8	10	4	2	6	6	0	0	0	0	0	0	0	0	0	7
AIF1	2	0	1	0	0	0	2	1	0	0	0	0	0	0	1	0	0	0	0	1	5	7	6	5	4	3	1	2	10	12	1	0	0	0	0	0	0	0	0	0	0	0	0	0	2	0	0	0	0	0	7	12	7	6	32	33	12	19	18	29	6	7	1	3	11	7	9	4	1	4	0	0	0	0	1	0	0	0	0	5
PSAP	0	0	2	0	3	2	0	0	0	0	0	0	0	0	2	0	0	0	0	0	6	5	1	5	3	2	1	1	6	4	0	1	2	0	1	0	1	1	0	0	3	1	0	0	1	0	0	1	2	1	8	8	6	2	9	9	10	8	5	10	1	2	1	6	6	4	4	2	2	7	0	0	1	1	1	0	0	0	0	1
YWHAB	0	0	0	1	1	0	0	1	0	1	0	0	2	0	1	0	0	1	1	0	1	0	0	1	2	0	0	1	2	0	2	0	1	1	0	1	0	1	0	2	0	1	1	0	0	1	2	2	1	1	2	2	1	0	50	1	1	1	3	1	5	0	0	0	2	5	4	0	1	3	0	0	0	0	0	0	0	0	0	1
MYO1G	0	0	2	1	0	1	0	0	0	0	0	1	1	0	1	0	0	0	0	0	0	1	1	0	0	0	0	0	2	0	1	0	1	0	0	0	0	0	1	1	1	1	0	0	1	1	0	0	1	0	0	1	0	0	3	3	1	27	1	1	0	0	0	0	0	0	2	2	1	2	0	0	0	0	0	0	0	0	0	1
SAT1	0	1	0	0	0	1	1	1	1	2	0	1	0	0	2	5	0	0	0	0	4	15	8	5	4	2	8	2	11	18	3	0	0	0	0	0	1	0	1	1	0	1	3	0	0	0	0	0	2	1	21	25	6	10	26	26	16	15	11	22	10	5	5	16	2	3	16	3	4	5	3	4	2	6	3	17	3	6	4	3
RGS2	0	0	1	1	0	0	0	0	0	0	0	0	0	0	0	0	0	0	0	0	3	0	0	0	3	0	1	1	1	1	0	1	0	0	0	0	0	0	0	0	1	0	1	0	0	0	1	0	0	0	2	3	16	0	1	11	3	5	4	6	8	1	1	0	0	0	1	1	1	2	0	0	0	0	0	0	0	0	0	0
SERPINA1	0	0	0	0	0	0	0	0	0	0	0	0	0	0	0	1	0	0	0	0	6	4	0	2	0	0	1	0	3	3	0	0	0	0	0	0	1	0	0	0	0	0	0	0	0	0	0	0	0	0	2	1	1	1	3	4	5	5	3	6	1	1	0	3	0	1	0	0	0	1	0	0	0	0	0	0	0	0	0	2
IFITM3	0	0	1	0	0	0	0	0	0	0	0	0	0	0	0	0	0	0	0	0	1	5	0	0	0	2	4	1	2	7	0	0	0	0	0	0	0	0	0	0	0	0	0	0	0	0	0	0	0	0	5	3	4	1	11	9	2	5	7	10	0	12	2	1	3	4	4	0	0	1	0	0	0	0	0	0	0	0	0	1
FCGR3A	0	0	0	0	1	0	0	1	0	0	0	1	0	0	0	0	0	0	0	0	1	1	0	0	0	0	0	0	0	1	6	2	2	1	0	1	2	1	2	6	2	0	0	0	0	0	1	0	0	0	0	5	1	2	14	4	18	9	5	11	0	0	0	0	0	0	1	0	1	0	0	0	0	0	0	0	0	0	0	0
LILRA3	0	0	0	0	0	0	0	0	0	0	0	0	0	0	0	0	0	0	0	0	0	0	0	0	0	0	0	0	1	0	0	0	0	0	0	0	0	0	0	0	0	0	0	0	0	0	0	0	0	0	1	1	3	0	0	1	1	0	1	1	0	0	0	0	0	0	0	0	0	0	0	0	0	0	0	0	0	0	0	0
S100A11	2	0	1	2	1	0	0	1	1	0	0	1	0	0	0	0	0	0	0	0	2	10	4	2	2	2	1	6	5	6	6	0	0	0	0	0	1	1	0	0	1	0	0	0	1	1	0	1	0	0	17	13	1	2	9	12	14	8	7	13	5	4	5	3	11	9	9	4	5	2	0	0	0	0	0	0	0	0	0	1
FCER1G	0	0	1	0	0	0	0	0	0	0	0	0	0	0	0	1	0	0	0	0	6	3	4	6	1	2	4	4	9	8	8	0	3	1	2	5	6	6	1	6	3	0	0	0	0	0	0	0	0	0	12	12	2	4	35	16	24	9	9	30	8	8	3	3	13	8	7	5	8	3	0	0	0	1	0	0	0	1	0	4
TNFRSF1B	0	0	0	0	0	0	0	0	0	0	0	1	0	0	0	0	0	0	0	0	0	1	0	0	1	0	0	0	0	0	0	0	0	0	0	0	1	0	1	0	0	0	0	0	0	0	0	0	0	0	0	2	1	0	3	4	1	2	1	1	0	0	0	0	0	1	0	0	0	2	0	0	0	0	0	0	0	0	0	0
IFITM2	3	0	3	3	1	3	3	1	0	3	0	1	2	0	1	0	0	0	2	3	6	4	0	0	1	1	0	1	3	6	8	2	3	5	2	1	5	1	3	2	7	4	2	2	5	1	1	4	1	2	5	10	1	4	17	8	33	8	14	19	4	7	4	3	2	2	0	1	6	4	0	0	0	0	1	1	0	0	0	1
WARS	1	0	0	0	0	0	0	0	0	0	0	0	0	0	0	0	0	0	0	0	0	2	0	0	0	0	0	0	1	0	0	0	0	0	0	0	0	0	0	0	0	0	0	0	1	0	0	0	0	1	0	2	2	1	1	0	3	1	1	2	0	0	0	0	0	2	1	0	1	0	0	0	0	0	0	0	0	0	0	0
IFI30	0	0	0	0	0	0	0	0	0	0	0	0	0	0	0	0	0	0	0	0	0	0	0	0	1	0	0	2	0	2	0	0	0	0	0	0	0	0	0	0	0	0	0	0	0	0	0	0	0	0	3	3	0	1	2	1	6	1	5	6	6	0	3	1	1	3	3	0	1	4	0	0	0	0	0	0	0	0	0	1
MS4A7	0	0	0	1	0	0	0	0	0	0	0	2	0	0	0	0	0	0	0	0	0	0	0	0	2	0	0	0	0	0	0	0	0	0	0	0	0	0	0	0	0	0	0	0	0	0	0	0	0	0	0	5	1	0	2	4	3	1	0	2	0	0	1	0	0	0	0	0	1	1	0	0	0	0	0	0	0	0	0	0
C5AR1	0	0	0	0	0	0	0	0	0	0	0	0	0	0	0	0	0	0	0	0	1	1	0	0	0	0	0	1	1	0	0	0	0	0	0	0	0	0	0	0	0	0	0	0	0	0	0	0	0	0	2	4	2	1	1	3	0	1	0	0	0	0	0	1	0	0	0	0	0	0	0	0	0	0	0	0	0	0	0	0
HCK	0	0	0	0	0	0	0	0	0	0	0	0	0	0	0	0	0	0	0	0	0	1	0	0	0	0	1	0	3	0	0	0	0	0	0	0	0	0	0	0	0	0	0	0	0	0	0	0	0	0	1	2	0	1	0	3	1	2	3	5	0	1	0	0	1	1	0	0	1	4	0	0	0	0	0	0	0	0	0	1
COTL1	0	0	4	2	1	2	0	1	1	3	0	2	0	0	0	1	0	1	0	0	6	15	2	4	7	3	6	0	4	20	0	1	1	0	0	0	1	0	0	0	1	2	0	0	5	1	0	0	2	0	9	20	9	3	6	9	91	11	18	18	18	2	9	11	12	11	7	5	4	25	1	2	0	3	0	2	3	0	4	7
LGALS9	0	0	0	1	0	0	0	0	0	0	0	0	0	0	0	0	0	0	0	0	1	1	0	0	0	0	0	0	0	0	0	0	0	1	1	0	0	0	0	0	0	0	0	0	0	0	0	0	0	0	2	3	0	0	6	0	0	3	0	3	0	0	1	1	0	1	0	1	1	1	0	0	0	0	0	0	0	0	0	0
CD68	0	0	0	0	0	0	0	0	0	0	0	0	0	0	0	0	0	0	0	0	0	2	4	0	0	0	3	0	1	3	0	1	0	0	0	0	0	0	0	0	0	0	0	0	0	0	0	0	0	0	6	4	1	0	4	3	0	4	2	8	0	0	0	0	1	1	0	0	0	1	0	0	0	0	1	0	0	1	1	1
RP11-290F20.3	0	0	1	0	0	0	0	0	0	0	0	0	0	0	0	0	0	1	0	0	0	0	0	0	0	0	0	0	2	1	0	0	0	0	0	0	0	0	0	0	0	0	0	0	0	0	0	0	0	0	0	5	0	0	4	0	5	2	1	4	0	0	0	0	0	0	0	0	0	0	0	0	0	0	0	0	0	0	0	0
RHOC	0	0	0	1	1	0	0	0	0	0	0	0	0	0	0	1	0	0	0	0	0	1	0	0	0	0	0	0	0	1	2	0	0	1	0	1	3	1	1	2	0	0	0	0	0	0	1	1	0	0	1	6	0	1	1	2	7	2	6	3	2	0	1	0	2	0	0	0	0	0	0	0	0	0	0	0	0	1	0	0
CARD16	1	1	0	0	0	0	0	0	0	0	0	0	0	0	0	0	0	0	0	0	2	1	1	1	1	1	1	0	0	2	0	2	1	0	0	0	0	0	0	0	0	0	0	0	0	1	1	0	0	0	2	2	0	2	2	1	0	6	3	6	1	0	0	1	2	1	0	1	0	1	0	0	0	0	0	0	0	0	0	0
LRRC25	0	0	0	0	0	0	0	0	0	0	0	0	0	1	0	0	0	0	0	0	1	0	0	0	0	0	0	1	0	0	0	0	0	0	0	0	0	0	0	0	0	0	0	0	0	0	0	0	0	0	1	0	1	0	1	6	4	1	0	2	0	1	1	0	0	0	1	1	0	2	0	0	0	0	0	0	0	0	0	1
COPS6	0	0	1	0	0	0	1	0	1	0	0	0	0	0	0	0	0	0	0	0	0	0	0	0	0	0	0	0	0	0	0	0	1	0	0	0	1	0	0	3	0	1	0	0	0	0	0	0	1	0	0	26	0	0	2	2	1	0	0	1	0	0	0	1	1	1	1	0	1	0	0	0	0	0	0	0	0	0	0	1
ADAR	0	0	0	1	1	0	0	0	0	0	0	1	0	1	0	0	0	0	1	0	0	1	1	0	0	0	1	0	0	1	0	0	0	0	0	0	0	0	0	0	0	0	0	1	0	0	0	0	0	0	0	0	1	1	2	25	0	1	0	0	0	0	0	0	0	0	0	0	1	0	0	0	0	0	0	0	0	0	0	0
PPBP	0	0	1	0	0	0	0	0	0	0	0	1	0	0	0	0	0	0	0	0	0	0	0	0	1	0	0	0	0	0	0	0	0	0	0	0	0	0	0	0	0	0	0	0	0	0	0	0	0	0	0	0	0	0	0	0	0	0	0	0	0	0	0	0	0	0	0	0	0	0	43	41	36	55	58	54	66	34	30	6
GPX1	0	0	0	1	1	1	0	1	0	1	0	1	1	0	1	0	1	0	0	0	4	5	3	5	12	1	15	2	3	1	0	1	0	0	0	0	2	0	1	0	0	0	0	1	1	0	1	2	0	0	5	3	0	0	1	1	0	1	1	2	6	7	2	6	24	16	28	3	6	3	18	8	12	18	18	28	11	13	16	9
TPM4	0	0	0	0	1	0	0	1	0	0	0	0	0	0	0	0	0	1	0	0	0	0	0	0	1	0	1	0	0	0	2	1	0	0	0	0	1	1	1	0	0	0	0	0	0	0	0	0	0	0	2	0	0	0	0	0	0	0	0	1	1	0	0	0	1	2	1	0	1	1	4	4	2	2	2	15	2	1	3	2
PF4	0	0	0	0	0	0	0	0	0	0	0	0	0	0	0	0	0	0	0	0	0	0	0	0	0	0	0	0	0	0	0	0	0	0	0	0	0	0	0	0	0	0	0	0	0	0	0	0	0	0	0	0	0	0	0	0	0	0	0	0	0	0	1	0	0	0	0	0	0	0	14	11	14	18	23	62	9	14	6	0
SDPR	0	0	0	0	0	0	0	0	0	0	0	0	0	0	0	0	0	0	0	0	0	0	0	0	0	0	0	0	0	0	0	0	0	0	0	0	0	0	0	0	0	0	0	0	0	0	0	0	0	0	0	0	0	0	0	0	0	0	0	0	0	0	0	0	0	0	0	0	0	1	11	3	13	8	8	29	3	6	5	2
NRGN	0	0	0	0	0	0	0	0	0	0	0	0	0	0	0	0	0	0	0	0	1	0	0	0	0	0	0	0	0	2	0	0	0	0	0	1	0	0	0	0	0	0	0	0	0	0	0	0	0	0	0	0	0	0	0	0	0	0	0	0	0	0	0	0	0	2	0	0	0	0	1	5	3	3	2	7	3	1	1	2
SPARC	0	0	0	0	0	0	0	0	0	0	0	0	0	0	0	0	0	0	0	0	0	0	0	0	0	0	0	0	0	1	0	0	0	0	0	0	0	0	0	0	0	0	0	0	0	0	0	0	0	0	0	0	0	0	0	0	0	0	0	0	0	0	0	0	0	0	0	0	0	0	8	3	2	2	3	9	3	3	4	2
GNG11	0	0	0	0	0	0	0	0	0	0	0	0	0	0	0	0	0	0	0	0	0	0	0	0	0	0	0	0	0	0	0	0	0	0	0	0	0	0	0	0	0	0	0	0	0	0	0	0	0	0	0	0	0	0	0	0	0	0	0	0	0	0	0	0	0	0	0	0	0	0	6	5	9	10	7	23	12	6	11	1
CLU	0	0	0	0	0	0	0	0	0	0	0	0	0	0	0	0	0	0	0	0	0	0	0	0	0	0	0	0	0	0	0	0	0	0	0	0	0	0	0	0	0	0	0	0	0	0	0	0	0	0	0	0	0	0	0	0	0	0	0	0	0	0	0	0	0	0	0	0	0	0	14	5	8	11	15	6	4	3	5	2
HIST1H2AC	0	0	0	0	0	0	0	0	0	0	0	0	0	0	0	0	0	1	0	0	0	0	0	0	0	0	0	0	0	0	0	0	0	0	0	0	0	0	0	0	0	0	0	0	0	0	0	0	0	0	0	0	0	0	0	0	0	0	0	0	0	0	0	0	0	0	0	0	0	0	5	3	5	5	2	42	2	1	2	1
NCOA4	0	1	0	0	0	0	0	0	1	0	0	0	0	0	0	0	0	0	0	0	0	0	0	0	0	1	0	0	1	0	0	0	0	0	0	0	0	0	0	0	0	0	0	0	0	0	0	0	0	0	0	0	1	0	0	0	1	0	0	2	1	1	0	0	1	0	0	0	0	0	8	2	0	12	8	7	3	2	6	0
GP9	0	0	0	0	0	0	0	0	0	0	0	0	0	0	0	0	0	0	0	0	0	0	0	0	0	0	0	0	0	0	0	0	0	0	0	0	0	0	0	0	0	0	0	0	0	0	0	0	0	0	0	0	0	0	0	0	0	0	0	0	0	0	0	0	0	0	0	0	0	0	1	3	3	2	3	11	6	5	3	0
FERMT3	0	1	0	0	0	0	0	0	0	0	0	0	0	0	0	0	0	0	0	0	0	0	0	0	0	0	0	1	1	0	1	0	0	0	0	0	0	1	0	0	0	1	0	1	0	0	0	0	0	0	1	1	0	0	1	0	0	0	0	2	0	0	0	2	0	0	1	0	0	1	2	5	4	4	1	6	0	4	0	1
ODC1	1	0	0	0	0	1	0	0	0	0	0	0	0	0	1	1	0	0	0	0	0	0	0	0	0	0	0	0	0	0	0	0	0	0	0	0	0	0	0	0	0	0	0	0	0	0	0	0	0	0	1	0	0	0	0	0	1	0	0	0	0	0	0	0	2	0	1	0	0	0	3	0	1	2	1	14	2	0	4	1
CD9	0	0	0	0	0	0	0	0	0	0	0	0	0	0	0	0	0	0	0	0	0	0	0	3	0	0	0	0	0	0	0	0	0	0	0	0	0	0	0	0	0	0	0	0	0	0	0	0	0	0	0	0	0	0	0	0	0	0	0	0	0	0	0	0	0	0	0	0	0	0	6	4	4	3	4	3	4	20	5	0
RUFY1	0	0	0	0	0	0	0	0	0	0	0	0	0	0	1	0	0	0	0	1	0	0	0	0	0	0	0	0	0	0	0	0	0	0	0	0	0	0	0	1	0	0	0	0	0	0	0	0	0	0	0	1	0	0	0	0	0	0	0	0	1	0	0	0	0	0	0	0	0	0	3	3	2	3	2	9	0	0	1	0
TUBB1	0	1	0	0	0	0	0	0	0	0	0	0	0	0	0	0	0	0	0	0	0	0	0	0	0	0	0	0	0	0	0	0	0	0	0	0	0	0	0	0	0	0	0	0	0	0	0	0	0	0	0	0	0	0	0	0	0	0	0	0	0	0	0	0	0	0	0	0	0	0	4	3	5	2	14	32	2	0	8	0
TALDO1	1	2	0	0	2	0	0	0	0	0	0	0	0	0	1	2	0	0	0	0	1	1	2	3	5	1	2	0	3	2	0	0	0	0	0	0	0	0	0	2	1	0	0	0	0	0	0	0	1	0	1	2	0	0	0	2	2	2	1	2	1	0	0	1	3	1	3	1	1	2	2	0	1	2	1	10	37	0	2	3
TREML1	0	0	0	0	0	0	0	0	0	0	0	0	0	0	0	0	0	0	0	0	0	0	0	0	0	0	0	0	0	0	0	0	0	0	0	0	0	0	0	0	0	0	0	0	0	0	0	0	0	0	0	0	0	0	0	0	0	0	0	0	0	0	0	0	0	0	0	0	0	0	3	0	2	7	4	0	1	3	5	2
NGFRAP1	0	0	0	0	0	1	0	0	0	0	0	0	0	0	0	0	0	0	0	0	0	0	0	0	0	0	0	0	0	0	0	0	0	0	0	0	0	0	0	0	0	0	0	0	0	0	0	0	0	0	0	0	0	0	0	0	0	0	0	0	0	0	0	0	0	0	0	0	0	0	4	1	2	0	2	3	1	2	4	0
PGRMC1	0	0	0	0	0	0	0	0	0	0	0	0	0	0	0	0	0	0	0	0	0	0	0	0	0	0	0	0	0	0	1	0	0	0	0	0	0	0	0	0	0	0	0	0	0	0	0	0	0	0	0	0	0	0	0	0	0	0	0	0	0	0	0	0	0	0	0	0	0	0	4	1	0	4	2	6	2	2	0	0
CA2	0	0	0	0	0	0	0	0	0	0	0	0	0	0	0	0	0	0	0	0	0	0	0	0	0	0	0	0	0	0	0	0	0	0	0	0	0	0	0	0	0	0	0	0	0	0	0	0	0	0	0	0	0	0	0	0	0	0	0	0	0	0	0	0	0	0	0	1	0	0	3	1	4	1	3	8	0	13	2	0
ITGA2B	0	0	0	0	0	0	0	0	0	0	0	0	0	0	0	0	0	0	0	0	0	0	0	0	0	0	0	0	0	1	0	0	0	0	0	0	0	0	0	0	0	0	0	0	0	0	0	0	0	0	0	0	0	0	0	0	0	0	0	0	0	0	0	0	0	0	0	0	0	0	5	1	4	2	4	1	4	1	0	0
MYL9	0	0	0	0	0	0	0	0	0	0	0	0	0	0	0	0	0	0	0	0	0	0	0	0	0	0	0	0	0	0	0	0	0	0	0	0	0	0	0	0	0	0	0	0	0	0	0	0	0	0	0	0	0	0	0	0	0	0	0	0	0	0	0	0	0	0	0	0	0	0	4	0	3	4	8	1	2	0	0	1
TMEM40	0	0	0	0	0	0	0	0	0	0	0	0	0	0	0	0	0	0	0	0	0	0	0	0	0	0	0	0	0	0	0	0	0	0	0	0	0	0	0	0	0	0	0	0	0	0	0	0	0	0	0	0	0	0	0	0	0	0	0	0	0	0	0	0	0	0	0	0	0	0	0	0	3	1	1	2	1	2	3	0
PARVB	0	0	0	0	0	0	0	0	0	0	0	0	0	0	0	0	0	0	0	0	0	0	0	0	0	0	1	0	0	1	0	0	0	0	0	0	0	0	0	0	0	1	0	0	0	0	0	0	0	0	0	0	0	0	0	1	0	0	0	0	0	0	0	0	0	0	0	0	0	0	5	4	1	4	0	0	1	0	0	0
PTCRA	0	0	0	0	0	0	0	0	0	0	0	0	0	0	0	0	0	0	0	0	0	0	0	0	0	0	0	0	0	0	0	0	0	0	0	0	0	0	0	0	0	0	0	0	0	0	0	0	0	0	0	0	0	0	0	0	0	0	0	0	0	0	0	0	0	0	0	0	0	0	2	0	4	0	0	20	2	2	1	0
ACRBP	1	0	0	0	0	0	0	0	0	0	0	0	0	0	0	0	0	0	0	0	0	0	0	0	0	0	0	0	0	0	0	0	0	0	0	0	0	0	0	0	0	0	0	0	0	0	0	0	0	0	0	0	0	0	0	0	0	0	0	0	0	0	0	0	0	0	0	0	0	0	1	0	1	0	0	25	0	3	1	1
TSC22D1	0	0	0	0	0	0	0	0	0	0	0	0	0	0	0	0	0	0	0	0	0	0	0	0	0	0	0	0	0	0	0	0	0	0	0	0	0	0	0	0	0	0	0	0	0	0	0	0	0	0	0	0	0	0	0	0	0	0	0	0	0	0	0	0	0	0	0	0	0	0	0	0	6	1	0	26	1	0	0	1
VDAC3	0	0	0	1	0	0	1	0	0	1	0	29	0	0	0	0	0	0	0	0	0	0	0	0	1	0	0	0	0	1	0	0	0	0	0	0	2	0	0	1	1	0	0	0	0	0	0	0	1	0	0	1	0	0	0	0	0	0	0	2	1	0	0	0	0	0	0	0	0	0	0	41	0	0	2	1	0	1	1	1
GZMB	0	0	0	0	0	0	0	0	0	0	0	0	0	0	0	0	0	0	0	0	1	0	0	0	1	0	0	0	0	0	27	2	1	10	8	5	10	7	4	11	3	0	0	0	0	0	6	0	2	0	0	1	0	0	0	0	0	0	0	0	0	0	0	0	0	0	0	0	0	0	0	0	0	0	0	0	0	0	0	0
GZMA	0	0	0	0	0	0	1	0	0	0	0	0	0	0	0	0	0	0	0	0	0	0	0	0	0	0	0	0	0	0	2	5	3	4	10	8	12	10	3	13	1	8	2	1	0	0	0	3	3	2	0	0	0	0	0	0	0	0	1	0	0	0	0	0	0	0	0	0	0	0	0	0	0	0	0	0	0	0	0	0
GNLY	0	0	0	1	0	0	0	0	0	0	0	0	0	0	0	0	0	0	0	0	0	0	0	0	0	0	0	0	0	0	35	0	15	3	29	11	22	15	18	18	10	0	0	3	0	0	4	1	3	0	0	0	0	0	0	0	1	0	0	1	0	0	1	0	0	0	0	0	0	1	0	0	0	0	0	0	0	0	0	0
FGFBP2	0	0	0	0	0	0	0	0	0	0	0	0	1	0	0	0	0	0	0	0	0	0	0	0	0	0	1	0	0	0	5	3	9	2	6	3	6	8	2	5	4	1	0	0	0	2	9	0	3	0	0	0	0	1	0	0	0	0	0	0	0	0	0	0	0	0	0	0	0	1	0	0	0	0	0	0	0	0	0	0
AKR1C3	0	0	0	0	0	0	0	0	0	0	0	0	0	0	0	0	0	0	0	0	0	0	0	0	0	0	0	0	0	0	7	0	1	1	0	1	5	4	1	1	0	0	0	0	0	0	0	0	0	0	0	0	0	0	0	0	0	0	0	0	0	0	0	0	0	0	0	0	0	0	0	0	0	0	0	0	0	0	0	0
CCL4	0	0	0	0	0	0	0	0	0	0	0	0	0	0	0	0	0	0	0	0	1	0	0	0	0	0	0	0	0	0	5	3	1	0	3	1	1	2	1	1	3	0	0	0	0	0	0	0	0	0	0	0	0	0	0	0	0	0	0	0	0	0	0	0	0	0	0	0	0	0	0	0	0	0	0	0	0	0	0	0
PRF1	0	1	0	0	0	0	0	0	0	0	0	0	0	0	0	0	0	0	0	0	0	0	0	0	0	0	0	0	0	0	14	1	4	9	7	10	10	2	4	7	6	13	0	0	0	0	6	0	5	3	0	0	0	0	0	0	0	0	1	0	0	0	1	0	0	0	0	0	0	0	0	0	0	0	1	0	0	0	0	0
GZMH	0	0	0	0	0	0	0	0	0	0	0	0	0	0	0	0	0	0	0	0	0	0	0	0	0	0	0	0	0	0	0	3	5	7	1	0	3	1	0	2	6	0	0	0	0	0	10	0	9	0	0	0	0	0	0	0	0	0	0	0	0	0	0	0	0	0	0	0	0	0	0	0	0	0	0	0	0	0	0	0
XBP1	1	0	1	1	2	0	0	1	0	0	0	1	0	0	1	0	0	0	0	0	1	0	0	0	0	0	0	0	0	0	1	1	2	2	4	1	0	2	1	3	1	0	0	0	0	0	1	1	0	0	0	0	0	0	0	0	0	0	0	0	1	0	0	1	0	0	2	0	0	0	0	0	0	0	0	0	0	0	0	0
GZMM	0	1	0	0	1	1	0	0	0	0	0	0	0	0	0	0	0	0	0	0	0	0	0	0	0	0	0	0	0	0	0	4	2	1	1	2	3	2	2	6	2	1	0	0	1	0	3	2	0	1	0	0	0	0	0	0	0	0	0	0	1	0	0	0	0	0	0	0	0	0	0	0	0	0	0	0	0	0	0	0
PTGDR	0	0	0	0	0	0	0	0	0	0	0	0	0	0	0	0	0	0	0	0	0	0	0	0	0	0	0	0	0	0	0	1	1	1	0	0	1	0	1	51	0	0	0	0	1	0	0	0	0	0	0	0	0	0	0	0	0	0	0	0	0	0	0	0	0	0	0	0	0	0	0	0	0	0	0	1	0	0	0	0
IGFBP7	0	0	0	0	0	0	0	0	0	0	0	0	0	0	0	0	0	0	0	0	0	0	0	0	0	0	1	0	1	0	4	0	0	3	0	1	7	4	0	3	1	0	0	0	0	0	0	0	0	0	1	0	0	1	0	0	0	0	1	1	0	0	0	1	3	2	0	0	1	0	0	0	0	0	0	0	0	0	0	0
TTC38	0	0	0	0	0	0	0	0	0	0	0	0	0	0	0	0	0	0	0	0	0	0	0	0	0	0	0	0	0	0	2	1	1	1	0	0	1	0	1	1	1	0	0	0	0	0	0	0	0	0	0	0	0	0	1	0	0	0	0	0	0	0	0	0	0	0	0	0	0	0	0	0	0	0	0	0	0	0	0	0
KLRD1	0	0	0	0	0	0	0	0	0	0	0	0	0	0	0	0	0	0	0	0	0	0	0	0	0	0	0	0	1	0	1	0	1	1	0	1	2	2	1	0	1	0	1	0	0	0	0	0	1	0	0	0	0	0	0	0	0	0	0	0	0	0	0	0	0	0	0	0	0	0	0	0	0	0	0	0	0	0	0	0
ARHGDIA	0	1	0	0	0	0	0	0	0	0	0	0	0	0	0	1	0	0	1	0	0	0	0	0	0	0	1	1	1	0	1	1	1	1	1	0	1	0	1	25	1	0	0	0	0	0	0	0	0	0	2	0	1	0	0	3	2	1	0	0	1	0	1	1	1	2	4	1	0	0	0	0	0	0	0	1	0	0	0	0
IL2RB	0	0	0	0	0	0	0	0	0	0	0	0	0	0	0	0	0	1	0	0	0	0	0	0	0	0	0	0	0	0	1	0	0	0	2	1	1	1	0	3	0	0	0	0	0	0	0	1	0	0	0	0	0	0	0	0	0	0	0	0	0	0	0	0	0	0	0	0	0	0	0	0	0	0	0	0	0	0	0	0
CLIC3	0	0	0	0	0	0	0	0	0	0	0	0	1	0	0	0	0	0	0	0	0	0	0	0	0	0	0	0	0	0	3	0	4	0	1	2	3	0	1	0	0	0	0	0	0	0	0	0	0	0	0	1	0	0	0	0	0	0	0	0	0	0	0	0	0	0	0	0	0	0	0	0	0	0	0	0	0	0	0	0
PPP1R18	0	1	0	0	0	1	0	0	0	1	0	0	1	0	1	0	0	0	1	0	0	2	0	0	0	0	0	1	0	0	2	2	1	1	1	1	3	0	3	1	0	1	2	0	0	1	0	0	0	0	0	0	0	0	0	0	0	0	0	0	0	0	0	0	1	1	0	0	0	1	0	0	0	0	0	0	0	0	0	1
CD247	0	1	1	0	2	1	0	0	0	0	0	0	0	0	0	0	0	0	0	0	0	0	0	0	0	0	0	0	0	1	3	1	1	3	0	2	2	0	1	1	2	1	0	0	0	0	1	0	1	0	0	0	0	0	0	0	0	0	0	0	0	0	0	0	0	0	0	0	0	0	0	0	0	0	0	0	0	0	0	0
ALOX5AP	1	0	0	0	1	0	0	1	0	0	1	0	0	0	0	2	1	0	1	0	0	0	0	0	0	0	0	1	0	0	3	0	2	1	1	3	1	2	1	2	0	2	0	0	0	0	0	1	0	0	0	0	0	0	1	0	0	0	0	0	0	0	0	0	1	1	0	0	1	0	0	0	0	0	0	0	0	0	0	0
XCL2	0	0	0	0	0	0	0	0	0	0	0	0	0	0	0	0	0	0	0	0	0	0	0	0	0	0	0	0	0	0	0	1	3	2	0	0	0	0	1	2	0	1	0	0	0	0	0	0	1	0	0	0	0	0	0	0	0	0	0	0	0	0	0	0	0	0	0	0	0	0	0	0	0	0	0	0	0	0	0	0
C12orf75	0	0	0	0	0	0	0	0	0	0	0	0	0	0	0	0	0	0	0	0	0	0	0	0	0	0	0	0	0	0	4	1	0	1	0	0	4	2	1	2	0	1	0	0	0	0	0	0	0	1	0	0	0	0	0	0	0	0	0	0	1	0	0	0	0	0	1	0	0	0	0	0	0	2	0	0	0	0	0	0
RARRES3	1	0	0	3	0	1	1	0	1	0	0	2	0	0	1	0	0	0	0	0	0	0	0	0	0	0	1	0	0	0	7	3	2	0	1	3	3	5	0	1	0	2	1	1	0	2	2	0	1	1	0	0	0	0	2	0	0	0	0	0	0	1	0	0	2	1	1	0	0	0	0	0	1	0	0	1	0	0	0	0
PCMT1	0	0	0	0	0	0	0	0	0	0	0	0	0	0	0	0	0	0	0	0	0	0	0	1	0	1	0	0	0	2	1	0	58	0	0	1	0	2	1	0	0	1	0	0	0	0	1	0	0	0	0	1	0	0	2	0	1	0	0	0	2	0	0	0	4	2	1	0	3	1	0	0	0	0	0	0	0	0	0	0
LAMP1	1	0	0	0	0	0	1	0	0	0	0	0	0	0	0	0	0	0	0	0	0	0	0	0	0	0	0	0	0	0	0	0	1	2	1	3	2	1	2	1	0	1	0	1	0	0	1	2	0	1	0	1	0	0	0	0	0	0	0	3	0	0	0	0	0	0	1	0	0	0	0	0	0	0	0	1	0	0	0	0
SPON2	0	1	0	0	0	0	0	0	0	0	0	0	0	0	0	0	0	0	0	0	0	0	0	0	1	0	0	0	0	0	3	5	1	3	0	0	1	2	0	2	3	0	0	0	0	0	3	1	3	0	0	0	0	0	0	0	0	0	0	0	1	1	0	0	0	0	0	1	0	0	0	0	0	0	0	0	0	0	0	0
S100B	0	0	0	0	0	0	0	0	0	0	0	0	0	0	0	0	0	0	0	0	0	0	0	0	0	0	0	0	0	0	0	0	0	0	10	0	0	1	0	1	0	0	0	0	0	0	0	0	0	0	0	0	0	0	0	0	0	0	0	0	0	0	0	0	0	0	0	0	0	0	0	0	0	0	0	0	0	0	0	0
